genes	logFC	AveExpr	t	P.Value	adj.P.Val	B
Fmnl1	-0.571598345563693	6.01329187159847	-13.5673845444023	4.28704540337162e-10	2.25181338228758e-09	12.411649727405
Itga3	-0.300173504953142	8.56967202263155	-8.59152127454887	2.47757423622962e-07	7.26476730166357e-07	5.55598417869422
Csf1	-0.229119013209301	9.19439559591619	-7.33920499665397	1.84771292165818e-06	4.6342285643639e-06	3.42595715351498
Erfe	-0.328910982523026	5.23369764247805	-6.50805833250597	7.85427525199601e-06	1.78649392643454e-05	2.19159649967628
Shmt1	-0.229684008860136	6.63160577955145	-6.17265472906939	1.44653179725777e-05	3.16691762883978e-05	1.4011679119338
Ifrd2	-0.228623687335373	6.57852288022144	-6.09147539385959	1.68084338148656e-05	3.64070350910453e-05	1.25128311318404
1700017B05Rik	-0.243858299290491	5.68906314441573	-5.91017925301043	2.35799617470717e-05	4.99141599345205e-05	0.98598095612622
Set	-0.185053872981653	8.89791989659249	-5.83532804408137	2.71521937598413e-05	5.69446892434496e-05	0.633738090893191
Wdr12	-0.208124409658802	6.30624557808701	-5.67627680337943	3.67335777179039e-05	7.54921065634517e-05	0.461577628052211
Heatr1	-0.208110012740252	7.45361165549846	-5.65460150017117	3.8288125834423e-05	7.84192902963238e-05	0.341372814881948
Ppm1g	-0.192019588842507	8.33178045629782	-5.64547003472682	3.89632943888158e-05	7.97082915521397e-05	0.281148803855622
Trmt61a	-0.281396974386777	4.77778015688413	-5.33544316396836	7.09901447391035e-05	0.000140136622078276	-0.006546792610024
Prodh	-0.332225038850053	3.3343163835006	-4.44213611608021	0.000426306602313548	0.000751870779345071	-1.50144137227842
Kmt5a	-0.171064221644196	8.13007715560513	-4.68872226184828	0.000257692526950946	0.000468689695318609	-1.65693153409812
Nkain1	-0.243893954669435	5.36369244187056	-4.57717642657057	0.000323359768094806	0.000580172710992148	-1.67218189819088
Chchd4	-0.19231774385104	5.33355692169099	-4.51510730311894	0.000367086582796626	0.000652941237467859	-1.7970365245418
3110082I17Rik	-0.185287932327042	5.46196059589311	-4.44374113108894	0.000424904355726486	0.000749819948378825	-1.96849782253401
Nop16	-0.204826132023018	6.3726664463761	-4.40618868748401	0.000458980937051491	0.00080568649241617	-2.14254080607975
Ung	-0.219404282953825	5.44362889504453	-4.29777933825243	0.000573853299139719	0.000994179570472419	-2.2727272147654
Zbtb2	-0.203286931754955	4.45305002202976	-4.16644917735897	0.000753077030551084	0.00128659903375547	-2.37185644361474
Bend3	-0.196503563018279	5.25752703358359	-4.20593285281063	0.000693898048264316	0.00118977832235246	-2.4320301118588
Espl1	-0.134126649804265	7.80888469798943	-4.1486126203143	0.000781467697879775	0.00133118159414725	-2.77313004002702
Gm45592	-0.931107699671439	-1.55991779775693	-3.13184507043075	0.00654466572020452	0.00975129658834926	-2.77911151938863
Mllt6	-0.141736113106313	6.23983674837951	-4.09406735827737	0.000875213356117756	0.00147960383611443	-2.78661601469026
Bzw2	-0.157039494596206	7.02626250442781	-4.04624553917649	0.000966754574770833	0.00162353919950619	-2.94772783928471
Pif1	-0.17775565924094	5.08390658681959	-3.85107379345575	0.00145265253967987	0.00238373857328729	-3.14798873794417
Slc29a1	-0.147792219594836	7.24330138754749	-3.94680553755958	0.00118938692156705	0.00197763835806488	-3.16893325002797
Pparg	-0.315002377880334	2.27979888303734	-3.48484364208189	0.00312834448670571	0.00487156817233595	-3.20900657524321
Arglu1	-0.165183361728158	7.30792775847079	-3.87575434396859	0.00137961685305164	0.00227103034956714	-3.32069089550544
Rpf2	-0.140120403606257	6.1069952329632	-3.77709461611518	0.00169577971136226	0.00275326822070824	-3.44610673978514
Ddx24	-0.132255014807172	6.87328466228176	-3.77856007725496	0.00169058650860488	0.00274512118134763	-3.5019225579893
9930012K11Rik	-0.211209494318882	4.42334551760689	-3.59203566837278	0.00249881865147436	0.00395696828931892	-3.57221706981686
Sfpq	-0.108683062000281	9.17446721037045	-3.71582723409466	0.00192788036596509	0.0031046745624068	-3.74032366578761
Sema3f	-0.156600237979098	5.60879400355563	-3.58063429741962	0.00255925607057445	0.00404694319865227	-3.8025658541633
Gps1	-0.135021712547067	7.25529213623272	-3.62188963484295	0.00234725029621266	0.0037316727726772	-3.85467328487122
Zfp207	-0.118518548175221	8.30402633107545	-3.58528768096256	0.00253441424082513	0.00401053436644959	-3.98165917416582
Capn2	-0.121431522381187	8.76435342991364	-3.58918048489562	0.00251381823431882	0.00397911098998828	-3.99154317549801
Hist1h4h	-0.867600696349959	-2.46571880196092	-2.40733530669505	0.0287351845027037	0.0390264133006622	-3.99920297216891
Ddx23	-0.126415603435404	7.81245341961092	-3.53153296415015	0.0028367001334214	0.00444882318600885	-4.07267237537471
Ppp1r9b	-0.129702188913319	6.59901653700007	-3.46994133443768	0.00322759108985461	0.00501763515537564	-4.1298034537689
Eif4h	-0.103917087636413	9.18354067565569	-3.52137747050295	0.00289773315728768	0.00453817821332372	-4.14901067878043
Dusp12	-0.178366424677528	4.19729946058234	-3.25258354605324	0.00508719910203091	0.00770435859750459	-4.23063347357075
Pank4	-0.145740992462959	5.56406679083385	-3.3650291789855	0.00402091618689942	0.00616524732221613	-4.24633815240101
Mast2	-0.103499039876353	7.92022378476827	-3.36136128086949	0.00405191268921476	0.00620851833718805	-4.43372153545096
Rrp9	-0.197464258866727	6.18681534001192	-3.33546043112197	0.00477096713033601	0.00725279643949527	-4.44423588229729
Srsf2	-0.108616515185417	8.66606421577992	-3.36987417860419	0.00398033324282392	0.00610601135653346	-4.44567223258104
Xpo5	-0.114316240333097	7.75203623709985	-3.34134515377973	0.00422529389516779	0.00645648988099319	-4.46668901956896
Cdv3	-0.10249071149202	8.15065113170477	-3.32256219330855	0.00439468568218984	0.00670290165709415	-4.52363898940476
Ncam1	-0.139230233373932	6.62085995845087	-3.27806134234939	0.00482337418686022	0.00732819648921573	-4.53022765979838
Snhg4	-0.144296347592618	5.02405947791763	-3.15820851009789	0.00619482116003144	0.00926566397890054	-4.58220325909942
Ehbp1l1	-0.126847903015432	7.5700576279207	-3.21071706686012	0.0055520761573763	0.00836068556185786	-4.72645108344438
A930004D18Rik	-0.196549393439668	3.47700719022984	-2.89008330764673	0.0108036303030928	0.0156213171378546	-4.7889902334541
Slc25a13	-0.134783539797833	5.75127450788172	-3.03530019429833	0.00799981029808034	0.0117721742372505	-4.94861908450661
Ppm1f	-0.100290805129599	6.88276528956549	-3.08073721074619	0.0072791709254207	0.0107667918335762	-4.95417027556746
Mylk	-0.196489665747348	2.94054691934892	-2.64169455988341	0.0179574002166405	0.0251589989792552	-5.13539752357244
Nup37	-0.131442419854012	5.83200012043327	-2.88596421962184	0.0108957572108246	0.0157487091670905	-5.26300906429372
Farsb	-0.105694316641404	6.9053034186823	-2.91965539863001	0.0101641458241333	0.0147484195453877	-5.2839429087964
Cdc34	-0.163602158818312	6.40425844140972	-2.8851706532637	0.0114738540143891	0.0165400116145558	-5.3442160664544
Phb2	-0.124262019998524	8.14908770289413	-2.92141000626072	0.0101273855330771	0.0147005286619933	-5.34512078574492
Gadd45g	-0.174155488185719	4.99256155602287	-2.78089711134612	0.0135433489906763	0.0192853545376509	-5.34810622106942
Hmgb1	-0.121376540488586	7.81940472537881	-2.85180677220426	0.0116897471818275	0.0168264443255244	-5.47148087422261
Lyar	-0.126187742417953	7.21598546209416	-2.83104864278479	0.0121994487130374	0.0174989893687009	-5.48139051288812
Rcor2	-0.116141497583221	5.44507207631404	-2.74654246718674	0.0145060366825992	0.020579462025563	-5.49486710632511
Arpc5	-0.105895589149711	7.11046717840847	-2.7913408026433	0.013235197838712	0.0188774574383815	-5.55243737780161
Rpl3	-0.11087216976089	9.69033838278926	-2.84231242400314	0.0119202541097087	0.0171330401000384	-5.56237448269346
Ranbp3	-0.129960834632259	7.41421444528561	-2.78888256642356	0.0133020466099096	0.0189676209651183	-5.57508781351012
Cse1l	-0.103455050509119	8.342012703128	-2.80621688956218	0.0128375508980166	0.0183537593098196	-5.58396076355061
Traf3	-0.121162595494288	6.4387387458757	-2.74356281182315	0.014594623852799	0.0206920156000657	-5.59932307979456
Usp15	-0.0901519206442112	7.34295913480405	-2.74437264950256	0.0145704952506953	0.0206601034939671	-5.66004682107939
Glrx3	-0.107470486390989	6.64396259149764	-2.69911332331365	0.0159797753559408	0.0225476545483753	-5.70537522852648
Arpc4	-0.10698236376748	7.15858353882155	-2.67826751283836	0.016672222971985	0.0234739382515368	-5.77939095586444
Aprt	-0.134525930402986	7.56593633965443	-2.6792754423097	0.0168943123006805	0.0237695338308972	-5.80628495493413
Rapgef1	-0.0906829015496964	7.31331939135403	-2.64309229451415	0.0179065810778175	0.0250922898260664	-5.85562596972695
Exosc5	-0.134975665738225	4.96221125837525	-2.50050886677811	0.0238669847725502	0.0328218204434034	-5.88768579716467
Nap1l1	-0.085768727760108	9.30440882454545	-2.62253759127543	0.0186680126800908	0.0260938888185021	-5.98116128518236
Magohb	-0.101856460006636	5.16019074623171	-2.47116653523428	0.025308707324158	0.0346704933754738	-5.98362137499384
Snx5	-0.0798285740680083	8.23610019555733	-2.59646695573795	0.0196784990124295	0.0273914070172123	-5.99113088614666
Serbp1	-0.0902480413900939	9.914399768189	-2.59074274408472	0.0199072745482637	0.0276803218965201	-6.06520003024507
Slc25a33	-0.127064496929708	4.61156180729844	-2.36732059257064	0.0311017863976229	0.0420182719080224	-6.07089220251545
Cnbp	-0.0800893183920497	9.32983993394103	-2.57348398319833	0.0206125416278055	0.0286152297906	-6.07727167555227
Ptbp1	-0.0790907508683318	9.55546821268164	-2.55516421978666	0.0213872623181309	0.0296067326829895	-6.12051497480132
Dhx15	-0.0946224474764055	8.80532490880028	-2.52293903083619	0.0228178959463661	0.0314675545823674	-6.15433744181365
Smarca4	-0.0804183004660963	8.54038476166839	-2.51315509729883	0.0232699917815014	0.0320515069770187	-6.16294234431379
Sigmar1	-0.0968410916623004	6.58781548333331	-2.43522541832206	0.0271872981171967	0.0370437513212121	-6.20760781489608
Exosc2	-0.101585868700634	6.37636942065559	-2.39906660698325	0.0292098517167865	0.0396263956144033	-6.25821851521962
Exosc3	-0.103863955039051	5.09437275799498	-2.28766761996881	0.036368040087517	0.0485920958861968	-6.31573616423889
Srsf1	-0.0794058821115353	9.28500245174057	-2.37691041273731	0.0305184415540757	0.041287174516478	-6.44741141314566
Safb	-0.0856978923445642	7.42243878675608	-2.28451512104742	0.036592724027441	0.0488756182565616	-6.53978522297818
